2 0.9236041666666667 0.7473515625 0.15278124999999998 0.3078984375
2 0.3612604166666667 0.681359375 0.08809375 0.1785
2 0.1325 0.65278125 0.03492708333333334 0.0841953125
2 0.06721875000000001 0.6514765625 0.045947916666666665 0.084171875
2 0.20175 0.635484375 0.024916666666666667 0.061304687499999996
2 0.22386458333333334 0.62471875 0.019989583333333335 0.039765625
2 0.413375 0.6370234375 0.04044791666666667 0.08103906250000001
2 0.43972916666666667 0.63825 0.03225 0.081125
2 0.46308333333333335 0.6380546875 0.03171875 0.0846640625
2 0.48775 0.6443125000000001 0.028572916666666667 0.07718749999999999
2 0.5078541666666667 0.635921875 0.03203125 0.085140625
2 0.5782395833333334 0.6487421875 0.06592708333333333 0.0998828125
2 0.6446458333333334 0.6392578125 0.05382291666666667 0.11180468750000001
2 0.67775 0.643765625 0.042124999999999996 0.1033984375
2 0.7374375000000001 0.636796875 0.03709375 0.112078125
2 0.7853645833333334 0.6392734375 0.05347916666666667 0.1081484375
2 0.8503333333333334 0.6357578125 0.05873958333333333 0.1144296875
2 0.016770833333333336 0.6289609375 0.016625 0.036851562500000004
2 0.24714583333333331 0.6915 0.10152083333333332 0.1837265625