3 0.48297619047619045 0.6088723544973546 0.042849702380952384 0.048971560846560847
3 0.4208457341269841 0.573776455026455 0.04223710317460318 0.048971560846560847
3 0.4636954365079365 0.5113392857142857 0.04223710317460318 0.04325727513227513
3 0.5172569444444445 0.4872619047619048 0.03795138888888889 0.040810185185185185
3 0.5092981150793651 0.44522817460317454 0.0391765873015873 0.03999338624338624
3 0.5861210317460317 0.44645171957671953 0.04346230158730159 0.040810185185185185
3 0.6084647817460317 0.4990972222222222 0.042849702380952384 0.03999338624338624
3 0.664781746031746 0.5109325396825397 0.03550347222222222 0.04407407407407407
3 0.7002852182539683 0.47420304232804233 0.03428075396825397 0.03101521164021164
3 0.6503968253968254 0.4525727513227513 0.04468501984126984 0.03509589947089947
3 0.7370138888888889 0.5150132275132275 0.040401785714285716 0.0391765873015873
3 0.7700694444444445 0.4754265873015873 0.04774553571428571 0.02693452380952381
3 0.7354836309523809 0.43543320105820105 0.03366815476190476 0.031832010582010586
3 0.7960863095238095 0.4289054232804233 0.03734126984126984 0.02367063492063492
3 0.6892683531746032 0.4019708994708995 0.036728670634920635 0.025300925925925928
3 0.6231572420634921 0.4036044973544973 0.03550347222222222 0.02367063492063492
3 0.5928546626984127 0.37830026455026455 0.027547123015873014 0.02367063492063492
3 0.6393774801587301 0.34483796296296293 0.028769841269841268 0.02367063492063492
3 0.6788616071428571 0.321577380952381 0.03060763888888889 0.03101521164021164
3 0.6816145833333334 0.3640178571428571 0.032442956349206346 0.024484126984126987
3 0.727219742063492 0.33749338624338626 0.040401785714285716 0.025300925925925928
3 0.8398536706349207 0.31994378306878307 0.03550347222222222 0.024484126984126987
3 0.8303645833333334 0.3489186507936508 0.03734126984126984 0.020403439153439153
3 0.8123065476190475 0.3848313492063492 0.040401785714285716 0.02693452380952381
3 0.7452777777777778 0.37911706349206353 0.04223710317460318 0.025300925925925928
3 0.5864285714285714 0.6158101851851852 0.048970734126984126 0.04325727513227513
3 0.5261334325396825 0.6798809523809524 0.05203125 0.03754298941798942
3 0.5114409722222223 0.5411309523809524 0.03734126984126984 0.029381613756613755
3 0.5821428571428571 0.34973544973544973 0.029382440476190475 0.025300925925925928
3 0.6433581349206349 0.3007638888888889 0.031830357142857146 0.025300925925925928
3 0.42818948412698415 0.47991732804232806 0.05203125 0.03427910052910053
3 0.4437996031746032 0.4407407407407407 0.048970734126984126 0.03591269841269841
3 0.3159821428571428 0.6070866402116402 0.05330605158730159 0.04656746031746031