3 0.3943452380952381 0.9391534391534392 0.1314484126984127 0.10912698412698413
3 0.03658234126984127 0.6498015873015873 0.053323412698412696 0.07605820105820106
3 0.11842757936507936 0.6663359788359788 0.053323412698412696 0.07275132275132275
3 0.18663194444444445 0.6448412698412699 0.053323412698412696 0.06613756613756613
3 0.2623983134920635 0.6298710317460318 0.03820188492063492 0.05215608465608466
3 0.07254464285714286 0.7407407407407407 0.043402777777777776 0.06613756613756613
3 0.16606150793650792 0.7347023809523808 0.057259424603174604 0.05952380952380952
3 0.12367063492063492 0.8231613756613756 0.050277777777777775 0.06326388888888888
3 0.06572420634920635 0.9449404761904762 0.0496031746031746 0.06117724867724868
3 0.16431051587301587 0.910218253968254 0.04836309523809524 0.0710978835978836
3 0.017981150793650792 0.8763227513227513 0.033482142857142856 0.06613756613756613
3 0.20089285714285715 0.814318783068783 0.0496031746031746 0.05787037037037037
3 0.2864583333333333 0.7903439153439153 0.044642857142857144 0.05952380952380952
3 0.26413690476190477 0.7118055555555556 0.052083333333333336 0.054563492063492064
3 0.2411954365079365 0.5720899470899471 0.04092261904761905 0.036375661375661374
3 0.2976190476190476 0.5530753968253969 0.03968253968253968 0.03141534391534392
3 0.3602430555555556 0.5241402116402116 0.026041666666666668 0.026455026455026454
3 0.376984126984127 0.625 0.052083333333333336 0.056216931216931214
3 0.43712797619047616 0.5026455026455027 0.045882936507936505 0.05291005291005291
3 0.5208333333333334 0.4654431216931217 0.04712301587301587 0.054563492063492064
3 0.26910218253968254 0.8627215608465608 0.045168650793650796 0.05804563492063492
3 0.28760416666666666 0.9763458994708994 0.04407986111111111 0.047308201058201056
3 0.4497718253968254 0.8133796296296296 0.049521329365079365 0.05804563492063492
3 0.39752976190476186 0.7444510582010582 0.04734375 0.05949735449735449
3 0.42854910714285716 0.6802347883597885 0.04407986111111111 0.058773148148148144
3 0.398891369047619 0.5587003968253968 0.0402703373015873 0.036279761904761905
3 0.47154017857142855 0.5964318783068783 0.03319444444444444 0.046438492063492064
3 0.4979315476190476 0.7139748677248677 0.03809275793650794 0.03773148148148148
3 0.5354811507936508 0.7966931216931217 0.041359126984126984 0.039183201058201056
3 0.5082713293650793 0.8765046296296297 0.04788938492063492 0.047890211640211636
3 0.6007837301587302 0.8688888888888889 0.05877232142857143 0.10956349206349206
3 0.6824131944444444 0.8355092592592592 0.07292162698412698 0.09940476190476191
3 0.620374503968254 0.7640410052910053 0.03809275793650794 0.06094907407407407
3 0.5969742063492064 0.6925694444444445 0.05006448412698413 0.07038029100529102
3 0.5436433531746031 0.6366997354497355 0.04462301587301587 0.048614417989417985
3 0.5017410714285714 0.5267757936507936 0.037003968253968254 0.047890211640211636
3 0.5474528769841269 0.5601521164021165 0.04462301587301587 0.062400793650793644
3 0.617110615079365 0.6029596560846561 0.059861111111111115 0.049338624338624334
3 0.5762946428571428 0.5108101851851852 0.0402703373015873 0.03773148148148148
3 0.5863640873015873 0.45530423280423277 0.058229166666666665 0.03410383597883598
3 0.6565625 0.42483134920634924 0.058229166666666665 0.04425925925925926
3 0.6747941468253968 0.4756216931216931 0.029387400793650792 0.0326521164021164
3 0.6402380952380953 0.5267757936507936 0.039724702380952374 0.044986772486772485
3 0.7194171626984127 0.5158895502645503 0.027209821428571427 0.03773148148148148
3 0.7273090277777778 0.4059656084656085 0.039724702380952374 0.03555224867724868
3 0.7716592261904762 0.39217923280423284 0.037003968253968254 0.037003968253968254
3 0.7482589285714286 0.44587301587301587 0.03374007936507936 0.03410383597883598
3 0.6941121031746031 0.577202380952381 0.03537202380952381 0.03845568783068783
3 0.6911185515873016 0.6399669312169313 0.04462301587301587 0.05369378306878307
3 0.7145188492063492 0.7313888888888889 0.037003968253968254 0.052242063492063485
2 0.7821999007936508 0.6909953703703704 0.12094494047619048 0.2710813492063492