3 0.5849429563492063 0.7537566137566138 0.04200396825396826 0.053250661375661375
3 0.5938938492063491 0.849699074074074 0.03511656746031746 0.05233134920634921
3 0.6472569444444444 0.6757175925925926 0.045446428571428575 0.04774140211640212
3 0.6042212301587301 0.6105324074074074 0.054397321428571434 0.04957671957671957
3 0.6562103174603175 0.557744708994709 0.038559027777777775 0.03396825396825397
3 0.6329414682539682 0.5152083333333334 0.03320684523809524 0.032199074074074074
3 0.559734623015873 0.5433829365079366 0.03874007936507936 0.038908730158730157
3 0.5003645833333333 0.6171759259259259 0.04075396825396825 0.03756613756613757
3 0.4352108134920635 0.7161243386243386 0.04830109126984127 0.04628968253968253
3 0.39772569444444444 0.6554133597883598 0.04377232142857143 0.04427579365079365
3 0.4674107142857143 0.5631746031746032 0.03521825396825397 0.048971560846560847
3 0.5033854166666667 0.5034689153439154 0.04578621031746032 0.05031415343915344
3 0.5408680555555556 0.4514781746031746 0.04830109126984127 0.03354166666666667
3 0.5884126984126984 0.4779761904761905 0.03270337301587302 0.03153108465608465
3 0.5964632936507936 0.4353769841269841 0.03169642857142857 0.03354166666666667
3 0.5881622023809523 0.39915343915343915 0.03421378968253968 0.020125661375661377
3 0.6872792658730159 0.4528207671957672 0.04226438492063492 0.04427579365079365
3 0.7262723214285715 0.4122321428571428 0.053834325396825394 0.03287037037037037
3 0.7406125992063493 0.4682473544973545 0.039243551587301584 0.03488425925925926
3 0.7071527777777777 0.5095072751322751 0.0417609126984127 0.030188492063492067
3 0.8077802579365079 0.4756283068783069 0.044779265873015874 0.03622685185185185
3 0.7791021825396826 0.43269510582010584 0.03169642857142857 0.03756613756613757
3 0.8384697420634921 0.43806216931216935 0.0417609126984127 0.029517195767195768
3 0.6621230158730158 0.40384920634920635 0.03119543650793651 0.028174603174603175
3 0.6140724206349206 0.3619212962962963 0.02565972222222222 0.022136243386243384
3 0.6689161706349207 0.3401190476190476 0.01861607142857143 0.02146825396825397
3 0.6973412698412698 0.35957341269841264 0.02717013888888889 0.032199074074074074
3 0.7619940476190477 0.36057870370370376 0.030691964285714284 0.028845899470899473
3 0.8095411706349207 0.39881613756613754 0.024149305555555556 0.02079695767195767
3 0.8676537698412699 0.395462962962963 0.03572172619047619 0.02079695767195767
3 0.8814880952380952 0.3562169312169312 0.03521825396825397 0.030859788359788358
3 0.8228745039682539 0.34447751322751324 0.028678075396825396 0.026164021164021164
3 0.7579687500000001 0.32502314814814814 0.02767113095238095 0.022136243386243384
3 0.7144494047619048 0.30724537037037036 0.024149305555555556 0.016101190476190474
3 0.9106696428571429 0.2941633597883598 0.024149305555555556 0.02482142857142857
3 0.7999801587301587 0.30590608465608465 0.032199900793650794 0.024150132275132276
3 0.7536929563492063 0.2867857142857143 0.024149305555555556 0.030188492063492067
3 0.7813640873015874 0.5578075396825397 0.06238839285714286 0.10398148148148148
3 0.28335813492063494 0.6613756613756614 0.078125 0.06613756613756613
3 0.40674603174603174 0.5266203703703703 0.04712301587301587 0.04794973544973545