3 0.6973065476190476 0.8552579365079366 0.07742311507936508 0.09277777777777778
3 0.7801215277777778 0.8121362433862435 0.050962301587301584 0.07187169312169313
3 0.6228224206349205 0.9049140211640212 0.04998263888888889 0.11629960317460318
3 0.5390277777777778 0.9166765873015874 0.050962301587301584 0.06403108465608466
3 0.43122271825396824 0.9632374338624339 0.09800595238095239 0.07352513227513227
3 0.29522321428571424 0.9355753968253968 0.042611607142857146 0.05088955026455026
3 0.18425099206349205 0.9743452380952381 0.06664434523809523 0.05130952380952381
3 0.02205109126984127 0.9730390211640211 0.04410218253968254 0.05392195767195767
3 0.13426835317460317 0.9088359788359789 0.043122519841269843 0.056190476190476187
3 0.22296130952380952 0.8846593915343915 0.04214285714285714 0.06010912698412699
3 0.3015376984126984 0.8486011904761905 0.04083829365079365 0.04859457671957672
3 0.42289186507936505 0.7944973544973545 0.0362624007936508 0.05749669312169312
3 0.4753546626984127 0.8668948412698412 0.0411061507936508 0.04950396825396825
3 0.5598859126984127 0.8344212962962962 0.045 0.06139550264550264
3 0.6336656746031746 0.7883763227513229 0.040813492063492066 0.04465277777777778
3 0.7205257936507936 0.7454695767195768 0.047093253968253965 0.0509292328042328
3 0.7422420634920635 0.645350529100529 0.04029017857142857 0.03767526455026455
3 0.7948288690476191 0.6994212962962963 0.029303075396825397 0.03279100529100529
3 0.687562003968254 0.6627943121693122 0.03139632936507936 0.04325727513227513
3 0.6797123015873016 0.6062830687830688 0.029303075396825397 0.023720238095238096
3 0.698812003968254 0.5459325396825397 0.0225 0.03139550264550264
3 0.65171875 0.5033730158730159 0.028779761904761905 0.023022486772486774
3 0.6266021825396826 0.5647685185185185 0.0455233134920635 0.03697751322751323
3 0.6093353174603175 0.6348875661375661 0.060173611111111115 0.040466269841269845
3 0.605672123015873 0.7200033068783068 0.05284970238095238 0.06558201058201057
3 0.5468055555555555 0.6718650793650793 0.033489583333333336 0.036279761904761905
3 0.5151488095238095 0.7597718253968254 0.04133680555555555 0.04465277777777778
3 0.4411061507936508 0.732910052910053 0.04918650793650794 0.055115740740740736
3 0.3804092261904762 0.679537037037037 0.051279761904761904 0.05720899470899471
3 0.4704092261904762 0.6415145502645503 0.04186011904761905 0.03697751322751323
3 0.545235615079365 0.6073280423280423 0.03767361111111111 0.04395502645502645
3 0.5635491071428571 0.546630291005291 0.0387202380952381 0.04116402116402117
3 0.49500248015873016 0.5731415343915344 0.03558035714285714 0.04116402116402117
3 0.5046825396825397 0.5138392857142857 0.05284970238095238 0.04395502645502645
3 0.566688988095238 0.4880257936507936 0.054419642857142854 0.04395502645502645
3 0.6286954365079366 0.4684920634920635 0.044476686507936514 0.03139550264550264
3 0.4288095238095238 0.5525595238095238 0.044476686507936514 0.0390707671957672
3 0.39846230158730156 0.6122123015873016 0.039243551587301584 0.04395502645502645
3 0.3533779761904762 0.5829794973544974 0.03208581349206349 0.027238756613756614
3 0.2867782738095238 0.6177347883597883 0.04213541666666666 0.031507936507936506
3 0.26398313492063497 0.6872123015873016 0.0381969246031746 0.040466269841269845
3 0.2726686507936508 0.7777414021164021 0.041046626984126984 0.04593584656084656
3 0.17241319444444445 0.8127943121693121 0.06226686507936508 0.05023148148148148
3 0.18654265873015874 0.7227943121693122 0.06226686507936508 0.04883597883597884
3 0.2362624007936508 0.641709656084656 0.035245535714285715 0.033796296296296297
3 0.16404265873015872 0.6600033068783069 0.044476686507936514 0.04186177248677249
3 0.11825644841269842 0.7493055555555556 0.0387202380952381 0.04604828042328042
3 0.08031498015873015 0.8389583333333334 0.05702380952380952 0.0453505291005291
3 0.09365327380952382 0.692443783068783 0.05023313492063492 0.04395502645502645